269,9
269,8
269,7
269,6
269,5
269,4
269,3
269,2
269,1
269,0
268,5
268,4
268,3
268,2
268,1
268,0
267,4
267,3
267,2
267,1
267,0
266,13
266,12
266,11
266,10
266,9
266,8
266,7
266,6
266,5
266,4
266,3
266,2
266,1
266,0
265,3
265,2
265,1
265,0
264,3
264,2
264,1
264,0
263,4
263,3
263,2
263,1
263,0
262,3
262,2
262,1
262,0
261,3
261,2
261,1
261,0
260,6
260,5
260,4
260,3
260,2
260,1
260,0
259,12
259,11
259,10
259,9
259,8
259,7
259,6
259,5
259,4
259,3
259,2
259,1
259,0
298,3
258,5
258,4
258,3
258,2
258,1
258,0
257,5
257,4
257,3
257,2
257,1
257,0
256,4
348,7
256,3
256,2
256,1
256,0
255,5
255,4
255,3
255,2
255,1
255,0
348,3
254,5
254,4
254,3
254,2
254,1
254,0
253,3
253,2
253,1
253,0
252,4
252,3
252,2
252,1
252,0
251,3
251,2
251,1
251,0
250,3
250,2
250,1
250,0
249,4
249,3
249,2
249,1
249,0
248,4
248,3
248,2
248,1
248,0
247,6
247,5
247,4
247,3
247,2
247,1
247,0
519,3
246,9
246,8
246,7
246,6
246,5
246,4
246,3
246,2
246,1
246,0
245,4
245,3
245,2
245,1
245,0
321,3
244,5
244,4
244,3
244,2
244,1
244,0
7,3
5,69
5,68
5,67
5,66
5,65
5,64
5,36
5,35
5,34
5,33
5,32
5,31
5,30
5,29
5,28
5,27
5,26
5,25
5,24
5,23
5,22
5,21
5,19
5,18
5,17
5,16
5,15
5,14
5,13
5,12
5,11
5,10
5,9
5,8
5,7
5,5
5,3
4,5
4,4
4,3
3,2
3,0
2,2
2,0
1,2
1,0
0,255
0,205
0,204
0,203
0,200
0,199
0,197
0,196
0,194
0,193
0,9
0,2
0,0
270,0
270,1
270,3
271,0
271,2
271,3
271,5
272,1
272,2
273,0
273,1
273,3
274,1
274,2
275,0
275,1
275,3
276,0
276,2
277,0
277,1
277,3
278,0
278,2
279,0
279,1
279,3
279,4
279,6
279,7
279,9
280,1
280,2
280,4
280,5
281,1
281,3
281,4
282,1
282,2
282,4
282,5
283,1
283,3
284,0
284,2
284,3
285,1
285,3
285,4
286,1
286,2
286,4
287,1
287,2
287,4
288,0
288,2
288,3
289,1
289,3
289,4
290,1
290,2
291,0
291,2
291,3
292,0
292,1
292,3
292,4
292,6
292,8
292,9
293,1
293,2
293,4
293,6
294,0
294,2
294,3
295,1
295,2
296,0
296,2
296,3
296,5
296,6
297,1
297,3
298,0
298,2
298,4
298,6
299,0
299,1
299,3
300,0
300,2
300,3
301,1
301,3
301,4
302,1
302,2
302,4
303,0
303,1
303,3
303,4
304,0
304,1
304,3
305,0
305,1
305,3
305,4
306,1
306,3
307,0
307,2
307,3
308,0
308,1
308,3
308,5
308,6
308,8
308,9
309,1
309,3
309,4
310,0
310,1
310,3
310,4
311,0
311,2
311,3
312,0
312,1
312,3
313,1
313,2
313,4
313,5
313,7
313,9
314,0
314,2
314,3
314,5
315,0
315,2
315,4
316,0
316,2
316,3
317,1
317,3
318,0
318,2
318,3
319,1
319,2
319,4
319,6
319,7
320,1
320,2
320,4
320,6
321,0
321,2
322,0
322,2
322,3
323,0
323,2
323,3
324,1
324,2
324,4
325,1
325,2
325,4
326,0
326,2
326,4
326,5
327,1
327,2
327,4
328,0
328,2
328,4
329,0
329,2
329,3
330,1
330,3
331,0
331,2
331,3
332,0
332,1
332,3
333,1
333,2
334,0
334,1
334,3
335,0
335,1
335,3
335,4
336,1
336,2
336,4
336,6
337,0
337,2
337,3
337,5
337,7
337,8
337,10
337,11
337,13
337,14
337,16
338,1
338,2
338,4
339,0
339,2
339,4
339,5
340,0
340,1
340,3
340,5
341,0
341,2
341,3
341,5
341,6
342,1
342,3
342,4
343,1
343,2
343,4
345,0
345,1
345,3
346,0
346,2
346,3
347,1
347,3
347,4
348,0
348,1
348,4
348,6
349,0
349,2
349,3
350,0
350,1
350,3
351,1
351,2
352,0
352,1
352,3
353,0
353,1
353,3
354,0
354,2
354,4
354,5
354,7
355,0
355,2
355,3
356,1
356,3
356,4
357,1
357,2
357,4
358,0
358,1
358,3
358,4
359,0
359,1
359,3
360,1
360,2
361,0
361,1
361,3
362,1
362,2
362,4
363,0
363,2
363,3
364,1
364,3
365,0
365,2
365,3
366,0
366,2
366,3
367,0
367,1
367,3
368,1
368,2
368,4
368,5
369,0
369,1
369,3
369,5
370,0
370,2
370,3
370,5
370,7
370,8
371,1
371,2
371,4
371,5
372,1
372,3
372,4
372,6
373,0
373,2
373,4
374,0
374,2
374,3
374,5
375,0
375,2
375,4
376,0
376,2
376,3
377,1
377,3
378,0
378,2
378,3
379,0
379,1
379,3
379,5
380,0
380,2
380,3
381,1
381,3
382,0
382,2
382,3
383,1
383,3
383,4
384,0
384,1
384,3
385,0
385,2
385,4
386,0
386,2
386,3
387,1
387,3
387,4
387,6
387,7
387,9
387,10
387,12
387,14
387,15
388,0
388,1
388,3
389,0
389,1
389,3
389,4
390,0
390,1
390,3
391,0
391,1
391,3
392,0
392,2
392,4
392,5
392,7
392,8
392,10
393,0
393,1
393,3
394,0
394,2
394,3
394,5
394,7
394,8
395,1
395,2
395,4
396,1
396,2
396,4
397,0
397,2
397,3
398,0
398,2
398,3
399,1
399,2
400,0
400,2
400,3
401,1
401,2
402,0
402,1
402,3
402,5
403,0
403,2
403,3
404,0
404,2
404,3
404,5
404,6
405,1
405,2
405,4
406,0
406,1
406,3
406,4
407,0
407,2
407,3
408,1
408,2
409,0
409,2
409,3
410,1
410,2
411,0
411,1
411,3
412,0
412,1
412,3
412,4
413,1
413,3
414,0
414,2
414,3
415,1
415,2
416,0
416,2
416,3
417,1
417,2
417,4
418,1
418,2
419,0
419,1
419,3
419,4
420,1
420,3
421,0
421,2
421,3
421,5
421,7
421,8
421,10
422,0
422,2
422,4
422,5
423,0
423,1
423,3
423,4
424,1
424,3
425,0
425,2
425,3
426,0
426,2
426,3
426,5
426,6
427,1
427,2
428,0
428,2
428,3
429,1
429,2
429,4
429,6
429,7
429,9
429,10
429,12
429,13
430,1
430,3
430,4
431,1
431,2
431,4
432,1
432,2
432,4
433,0
433,2
433,3
434,1
434,3
434,4
434,6
434,7
435,0
435,2
435,3
435,5
435,6
436,1
436,3
436,4
436,6
436,7
437,0
437,1
437,3
437,5
438,0
438,2
438,3
439,1
439,3
440,0
440,2
440,3
441,1
441,2
442,0
442,2
442,3
443,0
443,1
443,3
444,1
444,2
445,0
445,1
445,3
445,4
446,1
446,3
446,4
446,6
447,0
447,2
447,4
447,5
448,0
448,1
448,3
448,5
448,6
449,1
449,2
449,4
449,5
450,1
450,3
451,0
451,2
451,3
452,1
452,3
453,0
453,2
453,3
453,5
454,0
454,2
454,4
455,0
455,2
455,3
455,5
456,1
456,2
456,4
457,0
457,2
457,3
458,1
458,3
459,0
459,2
459,3
459,5
460,0
460,1
460,3
461,0
461,2
461,4
462,0
462,2
462,3
462,5
463,0
463,2
463,4
463,5
464,1
464,2
465,0
465,2
465,3
465,5
466,0
466,2
466,3
467,0
467,2
467,3
467,5
468,0
468,2
469,0
469,1
469,3
469,4
470,1
470,2
470,4
471,1
471,2
471,4
471,5
471,7
472,1
472,2
473,0
473,1
473,3
473,4
477,1
477,3
478,0
478,2
478,3
479,1
479,3
480,0
480,2
480,3
481,1
481,3
482,0
482,2
482,3
483,0
483,1
483,3
483,5
483,6
484,1
484,2
485,0
485,2
485,3
486,0
486,1
486,3
487,0
487,2
487,4
488,0
488,2
488,3
489,0
489,2
489,3
490,1
490,2
491,0
491,1
491,3
492,1
492,2
493,0
493,1
493,3
494,1
494,2
511,0
511,1
511,3
512,1
512,2
513,0
513,1
513,3
514,0
514,2
515,0
515,1
515,3
516,0
516,2
517,0
517,1
517,3
517,4
518,1
518,2
518,4
519,1
519,2
521,1
521,2
522,0
522,2
522,3
523,1
523,2
523,4
523,5
524,1
524,3
525,0
525,2
525,3
526,1
526,3
526,4
527,1
527,2
527,4
529,0
529,2
530,0
530,1
530,3
531,0
531,2
531,4
534,0
534,2
534,3
536,1
536,3
536,4
540,1
540,2
540,4
540,5
542,1
542,3
543,0
543,2
543,3
544,1
544,3
545,0
545,2
545,3
546,1
546,2
547,0
547,2
547,3
549,1
549,2
549,4
549,6
550,0
550,2
550,3
553,0
553,1
553,3
553,2
550,4
550,1
549,5
549,3
549,0
547,1
546,3
546,0
545,1
544,2
544,0
543,1
542,2
542,0
540,3
540,0
536,2
536,0
534,1
531,3
531,1
530,2
529,3
529,1
527,3
527,0
526,2
526,0
525,1
524,2
524,0
523,3
523,0
522,1
521,3
521,0
519,0
518,3
518,0
517,2
516,3
516,1
515,2
514,3
514,1
513,2
512,3
512,0
511,2
494,3
494,0
493,2
492,3
492,0
491,2
490,3
490,0
489,1
488,4
488,1
487,3
487,1
486,2
485,4
485,1
484,3
484,0
483,4
483,2
482,4
482,1
481,2
481,0
480,1
479,2
479,0
478,1
477,2
477,0
473,2
472,3
472,0
471,6
471,3
471,0
470,3
470,0
469,2
468,3
468,1
467,4
467,1
466,4
466,1
465,4
465,1
464,3
464,0
463,3
463,1
462,4
462,1
461,3
461,1
460,2
459,6
459,4
459,1
458,2
458,0
457,1
456,3
456,0
455,4
455,1
454,3
454,1
453,4
453,1
452,2
452,0
451,1
450,2
450,0
449,3
449,0
448,4
448,2
447,6
447,3
447,1
446,5
446,2
446,0
445,2
444,3
444,0
443,2
442,4
442,1
441,3
441,0
440,1
439,2
439,0
438,1
437,4
437,2
436,8
436,5
436,2
436,0
435,4
435,1
434,8
434,5
434,2
434,0
433,1
432,3
432,0
431,3
431,0
430,2
430,0
429,11
429,8
429,5
429,3
429,0
428,1
427,3
427,0
426,4
426,1
425,4
425,1
424,2
424,0
423,2
422,6
422,3
422,1
421,9
421,6
421,4
421,1
420,2
420,0
419,2
418,3
418,0
417,3
417,0
416,1
415,3
415,0
414,1
413,2
413,0
412,2
411,4
411,2
410,3
410,0
409,1
408,3
408,0
407,1
406,5
406,2
405,5
405,3
405,0
404,4
404,1
403,4
403,1
402,4
402,2
401,3
401,0
400,1
399,3
399,0
398,1
397,4
397,1
396,3
396,0
395,3
395,0
394,6
394,4
394,1
393,2
392,11
392,9
392,6
392,3
392,1
391,2
390,4
390,2
389,5
389,2
388,4
388,2
387,16
387,13
387,11
387,8
387,5
387,2
387,0
386,1
385,3
385,1
384,2
383,5
383,2
383,0
382,1
381,2
381,0
380,1
379,4
379,2
378,4
378,1
377,2
377,0
376,1
375,3
375,1
374,4
374,1
373,3
373,1
372,5
372,2
372,0
371,3
371,0
370,6
370,4
370,1
369,4
369,2
368,6
368,3
368,0
367,2
366,4
366,1
365,4
365,1
364,2
364,0
363,1
362,3
362,0
361,2
360,3
360,0
359,2
358,5
358,2
357,5
357,3
357,0
356,2
356,0
355,1
354,6
354,3
354,1
353,2
352,4
352,2
351,3
351,0
350,2
349,4
349,1
348,5
348,2
347,5
347,2
347,0
346,1
345,2
343,5
343,3
343,0
342,2
342,0
341,4
341,1
340,4
340,2
339,6
339,3
339,1
338,3
338,0
337,15
337,12
337,9
337,6
337,4
337,1
336,5
336,3
336,0
335,2
334,4
334,2
333,3
333,0
332,2
331,4
331,1
330,2
330,0
329,1
328,3
328,1
327,3
327,0
326,3
326,1
325,3
325,0
324,3
324,0
323,1
322,4
322,1
321,1
320,5
320,3
320,0
319,5
319,3
319,0
318,1
317,2
317,0
316,1
315,3
315,1
314,4
314,1
313,8
313,6
313,3
313,0
312,2
311,4
311,1
310,5
310,2
309,5
309,2
309,0
308,7
308,4
308,2
307,4
307,1
306,2
306,0
305,2
304,4
304,2
303,5
303,2
302,5
302,3
302,0
301,2
301,0
300,1
299,2
298,7
298,5
298,1
297,2
297,0
296,4
296,1
295,3
295,0
294,1
293,5
293,3
293,0
292,7
292,5
292,2
291,4
291,1
290,3
290,0
289,2
289,0
288,1
287,3
287,0
286,3
286,0
285,2
285,0
284,1
283,2
283,0
282,3
282,0
281,2
281,0
280,3
280,0
279,8
279,5
279,2
278,3
278,1
277,2
276,3
276,1
275,2
274,3
274,0
273,2
272,3
272,0
271,4
271,1
270,2
0,201
0,195
0,62
1,45
3,44
2,44
1,44
3,43
2,43
1,43
3,42
2,42
1,42
3,41
2,41
1,41
3,40
2,40
1,40
3,39
2,39
1,39
3,38
2,38
1,38
3,37
2,37
1,37
3,36
2,36
1,36
3,35
2,35
1,35
3,34
2,34
1,34
3,33
2,33
1,33
3,32
2,32
1,32
3,31
2,31
1,31
3,30
2,30
1,30
3,29
2,29
1,29
3,28
2,28
1,28
3,27
2,27
1,27
3,26
2,26
1,26
3,25
2,25
1,25
3,24
2,24
1,24
3,23
2,23
1,23
3,22
2,22
1,22
3,21
2,21
1,21
3,20
2,20
1,20
3,19
2,19
1,19
3,18
2,18
1,18
3,17
2,17
1,17
3,16
2,16
1,16
3,15
2,15
1,15
3,14
2,14
1,14
3,13
2,13
1,13
3,12
2,12
1,12
3,11
2,11
1,11
3,10
2,10
1,10
3,9
2,9
1,9
3,8
2,8
1,8
3,7
2,7
1,7
3,6
2,6
1,6
3,5
2,5
1,5
3,4
2,4
1,4
3,3
2,3
1,3
0,6
0,5
0,47
0,46
0,49
0,48
0,45
0,61
0,12
0,254
0,10
0,202
0,8
0,192
0,11
0,7
0,4
0,3
